#Sparse Matrix
91 36 90
20 24 70
46 42 10
75 64 43
7 83 29
34 29 50
59 10 37
23 47 36
93 77 17
30 22 56
65 82 97
4 60 63
39 38 4
61 66 3
79 87 9
40 4 3
71 49 50
13 57 50
55 84 43
15 24 16
92 21 50
18 58 3
51 77 17
89 70 23
38 19 90
96 36 44
58 17 76
22 73 97
26 6 63
19 39 10
11 8 23
3 75 3
28 55 90
79 72 37
46 68 63
32 63 83
24 40 64
42 61 70
67 33 24
38 45 76
9 42 56
77 31 10
44 12 97
18 65 43
85 54 30
53 43 16
1 19 36
73 15 16
62 33 70
87 13 57
63 26 30
26 81 23
31 7 17
83 88 63
35 22 10
22 81 37
54 10 83
48 28 90
100 52 70
50 84 57
87 20 96
97 3 43
8 75 57
12 1 83
16 9 77
57 51 10
95 44 16
83 5 3
66 48 96
47 61 23
42 35 84
36 79 77
30 59 24
70 56 90
43 45 30
69 90 23
81 38 36
99 59 10
5 26 30
74 72 83
100 90 0