#Sparse Matrix
86 114 26
20 120 146
47 6 178
75 7 35
8 22 31
33 97 40
62 21 173
25 115 115
88 98 84
29 42 128
65 94 128
6 81 8
39 26 186
21 59 35
41 2 44
11 8 21
72 81 155
37 22 120
79 116 191
30 43 93
48 8 111
82 59 146
36 83 31
84 87 20
42 79 133
16 2 191
5 97 151
75 61 111
4 95 18
51 63 191
90 40 138
18 6 88
70 4 66
13 79 76
9 24 164
60 45 116
32 27 151
64 101 195
46 4 13
28 40 195
12 77 111
63 99 31
26 116 48
89 46 173
54 117 138
44 57 124
51 61 58
56 120 36
11 83 178
20 58 71
7 20 98
66 79 186
85 121 93
23 45 26
80 64 80
22 61 168
59 44 151
3 101 53
76 8 168
55 118 71
58 96 61
38 24 53
49 114 168
15 63 133
73 77 53
17 4 155
77 2 133
2 25 129
69 28 8
34 99 173
27 118 13
1 41 71
84 119 160
27 100 106
53 39 48
43 81 66
68 26 75
84 43 4
73 83 88
81 57 13
90 130 0