#Sparse Matrix
65 60 180
12 52 142
37 73 8
62 57 87
11 81 45
37 15 119
62 36 184
9 115 138
34 70 147
59 32 124
7 110 193
33 11 58
58 53 27
6 112 78
32 40 162
56 29 63
4 107 100
30 8 198
55 90 175
1 50 128
29 37 69
54 97 20
80 13 143
26 34 8
52 25 171
78 46 36
26 4 105
51 87 114
77 108 179
24 67 101
49 22 110
75 43 175
22 62 156
48 83 21
74 104 87
20 64 41
47 105 125
70 101 26
18 88 199
44 101 64
69 43 138
18 59 95
44 80 161
68 36 22
15 56 3
41 76 68
66 39 77
14 85 106
40 18 12
13 118 31
71 39 115
80 111 40
57 87 120
50 108 185
31 74 54
5 53 189
63 94 73
53 92 59
67 97 134
35 16 4
19 5 152
23 1 45
27 71 194
42 23 157
76 9 82
45 18 17
16 2 91
60 91 12
8 57 82
38 19 96
80 120 0